tree
version=v3
num_class=1
num_tree_per_iteration=1
label_index=0
max_feature_idx=3
objective=regression
feature_names=t1_pagerank_before t2_pagerank_before t1_playerrank_before t2_playerrank_before
feature_infos=[0:0.37680172861673983] [0:0.25925952990771062] [1077.6261606028536:2214.8607938679997] [1121.2304561597946:2214.0086398825329]
tree_sizes=855 880 880 881 878 886 889 966 974 969 972 980

Tree=0
num_leaves=9
num_cat=0
split_feature=2 3 3 2 2 2 3 3
split_gain=12.3951 6.19574 2.55547 2.39951 1.10385 0.572618 0.429501 0.0783745
threshold=1656.3863273883806 1543.3482568149777 1777.9726142819511 1494.8025977000232 1486.90973100777 1861.1389173071536 1579.9063818362795 1568.5940923625642
decision_type=2 2 2 2 2 2 2 2
left_child=1 3 5 -1 -3 6 -2 -7
right_child=2 4 -4 -5 -6 7 -8 -9
leaf_value=0.57745870816278022 0.59023648632136549 0.55670707355740523 0.58132344257747526 0.59841830474702085 0.56975261474315664 0.60139033280762211 0.60047458186457969 0.60523648676840036
leaf_weight=36 20 34 23 22 31 26 21 27
leaf_count=36 20 34 23 22 31 26 21 27
internal_value=0.584459 0.573529 0.596262 0.585409 0.562929 0.599917 0.59548 0.60335
internal_weight=0 123 117 58 65 94 41 53
internal_count=240 123 117 58 65 94 41 53
is_linear=0
shrinkage=1


Tree=1
num_leaves=9
num_cat=0
split_feature=2 3 3 2 2 2 3 3
split_gain=11.1866 5.59165 2.30631 2.16556 1.00649 0.516787 0.387624 0.0707329
threshold=1656.3863273883806 1543.3482568149777 1777.9726142819511 1494.8025977000232 1454.6254190659399 1861.1389173071536 1579.9063818362795 1568.5940923625642
decision_type=2 2 2 2 2 2 2 2
left_child=1 3 5 -1 -3 6 -2 -7
right_child=2 4 -4 -5 -6 7 -8 -9
leaf_value=-0.0066507124238544052 0.0054881757497787474 -0.027835354208946228 -0.0029792157204254818 0.013260903412645514 -0.015209580212831498 0.016084329440043524 0.01521436543691726 0.019738174974918365
leaf_weight=36 20 27 23 22 38 26 21 27
leaf_count=36 20 27 23 22 38 26 21 27
internal_value=0 -0.0103838 0.0112125 0.000901969 -0.0204541 0.014685 0.0104699 0.0179457
internal_weight=0 123 117 58 65 94 41 53
internal_count=240 123 117 58 65 94 41 53
is_linear=0
shrinkage=0.05


Tree=2
num_leaves=9
num_cat=0
split_feature=2 3 3 2 2 2 3 0
split_gain=10.0959 5.04647 2.08144 1.95442 0.917261 0.4664 0.349831 0.066908
threshold=1656.3863273883806 1543.3482568149777 1777.9726142819511 1494.8025977000232 1486.90973100777 1861.1389173071536 1579.9063818362795 0.082845610705484171
decision_type=2 2 2 2 2 2 2 2
left_child=1 3 5 -1 -3 6 -2 -7
right_child=2 4 -4 -5 -6 7 -8 -9
leaf_value=-0.0063181774483786687 0.0052137668430805211 -0.025102968557792552 -0.0028302547724350642 0.012597858363931831 -0.013211022317409516 0.0190012663602829 0.014453647888842083 0.015432300958140145
leaf_weight=36 20 34 23 22 31 24 21 29
leaf_count=36 20 34 23 22 31 24 21 29
internal_value=0 -0.00986459 0.0106519 0.000856871 -0.0194314 0.0139507 0.00994639 0.0170484
internal_weight=0 123 117 58 65 94 41 53
internal_count=240 123 117 58 65 94 41 53
is_linear=0
shrinkage=0.05


Tree=3
num_leaves=9
num_cat=0
split_feature=2 3 3 2 2 3 2 2
split_gain=9.11157 4.55444 1.91563 1.76386 0.836375 0.608089 0.376773 0.00214838
threshold=1656.3863273883806 1543.3482568149777 1739.542807966053 1494.8025977000232 1454.6254190659399 1568.5940923625642 1867.082373888313 1867.082373888313
decision_type=2 2 2 2 2 2 2 2
left_child=1 3 5 -1 -3 6 -2 -7
right_child=2 4 -4 -5 -6 7 -8 -9
leaf_value=-0.0060022691885630291 0.004784312993288041 -0.025188437104225161 -0.00053685898742368142 0.011967965418642219 -0.0136790180284726 0.018638890832662583 0.014076455061634383 0.017922872982241891
leaf_weight=36 20 27 31 22 38 20 24 22
leaf_count=36 20 27 31 22 38 20 24 22
internal_value=0 -0.00937136 0.0101193 0.000814027 -0.0184599 0.0139605 0.00985275 0.0182638
internal_weight=0 123 117 58 65 86 44 42
internal_count=240 123 117 58 65 86 44 42
is_linear=0
shrinkage=0.05


Tree=4
num_leaves=9
num_cat=0
split_feature=2 3 3 2 2 3 2 2
split_gain=8.22319 4.11038 1.72886 1.59189 0.76221 0.5488 0.340038 0.00193892
threshold=1656.3863273883806 1543.3482568149777 1739.542807966053 1494.8025977000232 1486.90973100777 1568.5940923625642 1867.082373888313 1867.082373888313
decision_type=2 2 2 2 2 2 2 2
left_child=1 3 5 -1 -3 6 -2 -7
right_child=2 4 -4 -5 -6 7 -8 -9
leaf_value=-0.0057021545039282907 0.004545097649097443 -0.022706878623541663 -0.00051001603564908423 0.011369566280733455 -0.01186652034521103 0.017706946879625322 0.013372631929814817 0.017026729068972849
leaf_weight=36 20 34 31 22 31 20 24 22
leaf_count=36 20 34 31 22 31 20 24 22
internal_value=0 -0.00890279 0.00961335 0.000773326 -0.0175369 0.0132625 0.00936012 0.0173506
internal_weight=0 123 117 58 65 86 44 42
internal_count=240 123 117 58 65 86 44 42
is_linear=0
shrinkage=0.05


Tree=5
num_leaves=9
num_cat=0
split_feature=2 3 3 2 0 1 0 2
split_gain=8.48892 4.14576 1.32798 1.15942 0.272678 0.35564 0.216843 0.0748674
threshold=1632.9764970189078 1450.2969203175501 1777.9726142819511 1486.90973100777 0.076842591133859578 0.043882768794720285 0.020871458579712319 1826.3662277094797
decision_type=2 2 2 2 2 2 2 2
left_child=1 -1 4 6 7 -6 -3 -2
right_child=2 3 -4 -5 5 -7 -8 -9
leaf_value=0.0065201826393604286 0.013476160864035289 -0.015173268885839553 0.00012279857809727009 -0.006947841663514415 0.0050199904292821881 0.014449203982949257 -0.021712038386613133 0.017180979788303376
leaf_weight=32 30 21 26 31 20 20 32 25
leaf_count=32 30 21 26 31 20 20 32 25
internal_value=0 -0.00879449 0.0101354 -0.0146287 0.0128757 0.0097346 -0.0191212 0.0151602
internal_weight=0 116 121 84 95 40 53 55
internal_count=237 116 121 84 95 40 53 55
is_linear=0
shrinkage=0.05


Tree=6
num_leaves=9
num_cat=0
split_feature=2 3 3 0 3 0 1 2
split_gain=7.66125 3.74155 1.1985 1.07174 0.922288 0.246092 0.320965 0.0675678
threshold=1632.9764970189078 1450.2969203175501 1777.9726142819511 0.019276801588348425 1601.4644239712895 0.076842591133859578 0.043882768794720285 1826.3662277094797
decision_type=2 2 2 2 2 2 2 2
left_child=1 -1 5 -3 -5 7 -7 -2
right_child=2 3 -4 4 -6 6 -8 -9
leaf_value=0.0061941736843436962 0.012802352557579678 -0.0041150366266568504 0.00011665844000302828 -0.009941106461561643 -0.022229246110529514 0.004768990576267243 0.013726743757724764 0.016321930825710297
leaf_weight=32 30 21 26 26 37 20 20 25
leaf_count=32 30 21 26 26 37 20 20 25
internal_value=0 -0.00835477 0.00962865 -0.0138972 -0.017158 0.0122319 0.00924787 0.0144022
internal_weight=0 116 121 84 63 95 40 55
internal_count=237 116 121 84 63 95 40 55
is_linear=0
shrinkage=0.05


Tree=7
num_leaves=10
num_cat=0
split_feature=2 3 0 2 3 0 3 2 2
split_gain=6.91428 3.44692 2.27758 1.12185 1.08165 0.222098 0.297199 0.101964 0.0609799
threshold=1632.9764970189078 1382.5182020072034 0.018998412516440764 1486.90973100777 1777.9726142819511 0.076842591133859578 1585.2956614708694 1402.6401058967942 1826.3662277094797
decision_type=2 2 2 2 2 2 2 2 2
left_child=1 -1 -3 7 5 8 -7 -4 -2
right_child=4 2 3 -5 -6 6 -8 -9 -10
leaf_value=0.010394932329654695 0.012162235776583354 0.0025434967307817369 -0.02383364498615265 -0.008657870242993037 0.00011082612551175631 0.0044756088405847553 0.013095338940620422 -0.01899972582856814 0.015505834460258484
leaf_weight=21 30 21 20 30 26 20 20 24 25
leaf_count=21 30 21 20 30 26 20 20 24 25
internal_value=0 -0.00793703 -0.0119894 -0.0161135 0.00914722 0.0116203 0.00878547 -0.021197 0.0136821
internal_weight=0 116 95 74 121 95 40 44 55
internal_count=237 116 95 74 121 95 40 44 55
is_linear=0
shrinkage=0.05


Tree=8
num_leaves=10
num_cat=0
split_feature=2 3 0 3 3 2 0 1 2
split_gain=6.24013 3.15912 1.14069 0.976186 0.886746 0.435039 0.200443 0.275186 0.0550344
threshold=1632.9764970189078 1500.1622025159782 0.029522257943066919 1777.9726142819511 1382.5182020072034 1402.6401058967942 0.076842591133859578 0.043882768794720285 1826.3662277094797
decision_type=2 2 2 2 2 2 2 2 2
left_child=1 4 5 6 -1 -3 8 -8 -2
right_child=3 2 -4 -5 -6 -7 7 -9 -10
leaf_value=0.0098751857876777649 0.011554123908281326 -0.014678896591067315 -0.022789219021797182 0.00010528501409750718 -0.0037166750324623926 -0.004375002071970985 0.00419901467859745 0.012493386194109918 0.014730543315410613
leaf_weight=21 30 20 26 26 28 21 20 20 25
leaf_count=21 30 20 26 26 28 21 20 20 25
internal_value=0 -0.00754018 -0.0145966 0.00868986 0.00210841 -0.00940129 0.0110393 0.0083462 0.012998
internal_weight=0 116 67 121 49 41 95 40 55
internal_count=237 116 67 121 49 41 95 40 55
is_linear=0
shrinkage=0.05


Tree=9
num_leaves=10
num_cat=0
split_feature=2 3 3 2 3 0 0 3 2
split_gain=5.63172 2.88536 1.07168 1.49878 0.881008 0.527028 0.1809 0.25481 0.0496685
threshold=1632.9764970189078 1549.3892137798709 1382.5182020072034 1450.05635740926 1777.9726142819511 0.029522257943066919 0.076842591133859578 1585.2956614708694 1826.3662277094797
decision_type=2 2 2 2 2 2 2 2 2
left_child=1 2 -1 -4 6 -3 8 -8 -2
right_child=4 5 3 -5 -6 -7 7 -9 -10
leaf_value=0.0093814265869912664 0.010976417809724809 -0.011358096186191805 -0.013837782470952898 0.0052874523401260382 0.00010002066309635455 -0.021347487037596497 0.0039381979405879973 0.011919582486152651 0.013994016170501708
leaf_weight=21 30 31 21 20 26 23 20 20 25
leaf_count=21 30 31 21 20 26 23 20 20 25
internal_value=0 -0.00716317 0.000196219 -0.0045084 0.00825536 -0.0156128 0.0104874 0.00792889 0.0123481
internal_weight=0 116 62 41 121 54 95 40 55
internal_count=237 116 62 41 121 54 95 40 55
is_linear=0
shrinkage=0.05


Tree=10
num_leaves=10
num_cat=0
split_feature=2 3 1 3 3 2 3 3 3
split_gain=5.60513 1.73893 1.44268 0.457963 0.678684 0.660921 0.163932 0.14976 0.0279592
threshold=1486.90973100777 1839.9828056194403 0.022631072437632484 1417.1199493916095 1536.7324377720663 1656.3863273883806 1711.688709872137 1590.8641331560327 1588.9768379449351
decision_type=2 2 2 2 2 2 2 2 2
left_child=2 3 -1 -2 -5 -6 7 -7 -4
right_child=1 -3 8 4 5 6 -8 -9 -10
leaf_value=0.00024147987365722657 0.0010297813266515732 -0.0064429831380645444 -0.01437510780990124 0.014665483969908494 -0.00076387660069899134 0.0075584304332733153 0.0054330171644687659 0.013266901727075932 -0.016841628043739884
leaf_weight=20 20 24 20 39 22 20 20 27 27
leaf_count=20 20 24 20 39 22 20 20 27 27
internal_value=0 0.00604156 -0.0110059 0.00806608 0.0091655 0.00675539 0.00922441 0.0108378 -0.015792
internal_weight=0 172 67 148 128 89 67 47 47
internal_count=239 172 67 148 128 89 67 47 47
is_linear=0
shrinkage=0.05


Tree=11
num_leaves=10
num_cat=0
split_feature=2 3 1 3 3 2 1 1 3
split_gain=5.05863 1.56939 1.30202 0.413311 0.612512 0.596481 0.157903 0.15033 0.0252332
threshold=1486.90973100777 1839.9828056194403 0.022631072437632484 1417.1199493916095 1536.7324377720663 1656.3863273883806 0.035313752472053754 0.05636027038132907 1588.9768379449351
decision_type=2 2 2 2 2 2 2 2 2
left_child=2 3 -1 -2 -5 -6 -7 -8 -4
right_child=1 -3 8 4 5 6 7 -9 -10
leaf_value=0.00022940658032894135 0.0009782927483320237 -0.0061208330094814304 -0.013656352534890177 0.013932209939528734 -0.00072568241845477719 0.012355686156522661 0.0038641217350959783 0.0096300656692339826 -0.015999546978208753
leaf_weight=20 20 24 20 39 22 21 20 26 27
leaf_count=20 20 24 20 39 22 21 20 26 27
internal_value=0 0.00573948 -0.0104556 0.00766277 0.00870722 0.00641762 0.00876319 0.00712313 -0.0150024
internal_weight=0 172 67 148 128 89 67 46 47
internal_count=239 172 67 148 128 89 67 46 47
is_linear=0
shrinkage=0.05


end of trees

feature_importances:
t2_playerrank_before=42
t1_playerrank_before=41
t1_pagerank_before=11
t2_pagerank_before=7

parameters:
[boosting: gbdt]
[objective: regression]
[metric: l2,auc]
[tree_learner: serial]
[device_type: cpu]
[data: ]
[valid: ]
[num_iterations: 20]
[learning_rate: 0.05]
[num_leaves: 31]
[num_threads: 0]
[deterministic: 0]
[force_col_wise: 0]
[force_row_wise: 0]
[histogram_pool_size: -1]
[max_depth: -1]
[min_data_in_leaf: 20]
[min_sum_hessian_in_leaf: 0.001]
[bagging_fraction: 0.8]
[pos_bagging_fraction: 1]
[neg_bagging_fraction: 1]
[bagging_freq: 5]
[bagging_seed: 3]
[feature_fraction: 0.9]
[feature_fraction_bynode: 1]
[feature_fraction_seed: 2]
[extra_trees: 0]
[extra_seed: 6]
[early_stopping_round: 5]
[first_metric_only: 0]
[max_delta_step: 0]
[lambda_l1: 0]
[lambda_l2: 0]
[linear_lambda: 0]
[min_gain_to_split: 0]
[drop_rate: 0.1]
[max_drop: 50]
[skip_drop: 0.5]
[xgboost_dart_mode: 0]
[uniform_drop: 0]
[drop_seed: 4]
[top_rate: 0.2]
[other_rate: 0.1]
[min_data_per_group: 100]
[max_cat_threshold: 32]
[cat_l2: 10]
[cat_smooth: 10]
[max_cat_to_onehot: 4]
[top_k: 20]
[monotone_constraints: ]
[monotone_constraints_method: basic]
[monotone_penalty: 0]
[feature_contri: ]
[forcedsplits_filename: ]
[refit_decay_rate: 0.9]
[cegb_tradeoff: 1]
[cegb_penalty_split: 0]
[cegb_penalty_feature_lazy: ]
[cegb_penalty_feature_coupled: ]
[path_smooth: 0]
[interaction_constraints: ]
[verbosity: 1]
[saved_feature_importance_type: 0]
[linear_tree: 0]
[max_bin: 255]
[max_bin_by_feature: ]
[min_data_in_bin: 3]
[bin_construct_sample_cnt: 200000]
[data_random_seed: 1]
[is_enable_sparse: 1]
[enable_bundle: 1]
[use_missing: 1]
[zero_as_missing: 0]
[feature_pre_filter: 1]
[pre_partition: 0]
[two_round: 0]
[header: 0]
[label_column: ]
[weight_column: ]
[group_column: ]
[ignore_column: ]
[categorical_feature: ]
[forcedbins_filename: ]
[precise_float_parser: 0]
[objective_seed: 5]
[num_class: 1]
[is_unbalance: 0]
[scale_pos_weight: 1]
[sigmoid: 1]
[boost_from_average: 1]
[reg_sqrt: 0]
[alpha: 0.9]
[fair_c: 1]
[poisson_max_delta_step: 0.7]
[tweedie_variance_power: 1.5]
[lambdarank_truncation_level: 30]
[lambdarank_norm: 1]
[label_gain: ]
[eval_at: ]
[multi_error_top_k: 1]
[auc_mu_weights: ]
[num_machines: 1]
[local_listen_port: 12400]
[time_out: 120]
[machine_list_filename: ]
[machines: ]
[gpu_platform_id: -1]
[gpu_device_id: -1]
[gpu_use_dp: 0]
[num_gpu: 1]

end of parameters

pandas_categorical:[]
